{
    "z": [
        [
            1.0,
            0.05699167342206972,
            0.2663564112196332,
            0.0767081431614358,
            0.4258274755998114,
            0.043960477084962826
        ],
        [
            0.05699167342206972,
            1.0,
            0.5149024674011963,
            0.6246163384319384,
            0.46984033323889746,
            0.5643594314909293
        ],
        [
            0.2663564112196332,
            0.5149024674011963,
            1.0,
            0.5974988232738726,
            0.5694757157968808,
            0.505693863860989
        ],
        [
            0.0767081431614358,
            0.6246163384319384,
            0.5974988232738726,
            1.0,
            0.5446184265473935,
            0.5130873394791104
        ],
        [
            0.4258274755998114,
            0.46984033323889746,
            0.5694757157968808,
            0.5446184265473935,
            1.0,
            0.4821312430493849
        ],
        [
            0.043960477084962826,
            0.5643594314909293,
            0.505693863860989,
            0.5130873394791104,
            0.4821312430493849,
            1.0
        ]
    ],
    "x": [
        "shake_intensity",
        "sewer_and_water",
        "power",
        "roads_and_bridges",
        "medical",
        "buildings"
    ],
    "y": [
        "shake_intensity",
        "sewer_and_water",
        "power",
        "roads_and_bridges",
        "medical",
        "buildings"
    ]
}